HSS                 ;20070406;1;00010               ;000017              ;             ;20070406;1;70.0;6000.0;4;2;20070406;1;0; ; ; ;3799313;1;0;2007-04-07T08:01:49;CRON I/F                      ;2007-04-07T08:01:49;CRON I/F                      ;0;0
HSS                 ;20070406;1;00010               ;000018              ;             ;20070406;1;70.0;6000.0;4;2;20070406;1;0; ; ; ;3799313;2;0;2007-04-07T08:01:49;CRON I/F                      ;2007-04-07T08:01:49;CRON I/F                      ;0;0
HSS                 ;20070406;2;19431               ;000001              ;             ;20070406;1;75.0;15000.0;1;2;20070406;1;0; ; ; ;3799321;2;0;2007-04-07T08:01:49;CRON I/F                      ;2007-04-07T08:01:49;CRON I/F                      ;0;0
HSS                 ;20070406;2;19431               ;000019              ;             ;20070406;1;75.0;13000.0;1;2;20070406;1;0; ; ; ;3799321;1;0;2007-04-07T08:01:50;CRON I/F                      ;2007-04-07T08:01:50;CRON I/F                      ;0;0
HSS                 ;20070406;2;19431               ;000020              ;             ;20070406;1;75.0;10000.0;1;2;20070406;1;0; ; ; ;3799321;3;0;2007-04-07T08:01:50;CRON I/F                      ;2007-04-07T08:01:50;CRON I/F                      ;0;0
HSS                 ;20070406;3;00018               ;000011              ;             ;20070406;1;70.0;10000.0;4;2;20070406;1;0; ; ; ;3799314;1;0;2007-04-07T08:01:50;CRON I/F                      ;2007-04-07T08:01:50;CRON I/F                      ;0;0
HSS                 ;20070406;4;00008               ;000001              ;             ;20070406;1;70.0;15000.0;4;2;20070406;1;0; ; ; ;3799312;1;0;2007-04-07T08:01:50;CRON I/F                      ;2007-04-07T08:01:50;CRON I/F                      ;0;0
HSS                 ;20070406;5;43029               ;000019              ;             ;20070406;2;75.0;13000.0;1;2;20070406;2;0; ; ; ;3799322;1;0;2007-04-07T08:01:51;CRON I/F                      ;2007-04-07T08:01:51;CRON I/F                      ;0;0
HSS                 ;20070406;5;43029               ;000020              ;             ;20070406;2;75.0;10000.0;1;2;20070406;2;0; ; ; ;3799322;2;0;2007-04-07T08:01:51;CRON I/F                      ;2007-04-07T08:01:51;CRON I/F                      ;0;0
HSS                 ;20070406;6;00019               ;000002              ;             ;20070406;1;65.0;10000.0;1;2;20070406;1;0; ; ; ;3799315;2;0;2007-04-07T08:01:51;CRON I/F                      ;2007-04-07T08:01:51;CRON I/F                      ;0;0
HSS                 ;20070406;6;00019               ;000020              ;             ;20070406;3;65.0;10000.0;1;2;20070406;3;0; ; ; ;3799315;1;0;2007-04-07T08:01:51;CRON I/F                      ;2007-04-07T08:01:51;CRON I/F                      ;0;0
HSS                 ;20070406;7;13290               ;000002              ;             ;20070406;2;70.0;10000.0;4;2;20070406;2;0; ; ; ;3799320;1;0;2007-04-07T08:01:52;CRON I/F                      ;2007-04-07T08:01:52;CRON I/F                      ;0;0
HSS                 ;20070406;8;131540002           ;000001              ;             ;20070406;2;75.0;15000.0;1;2;20070406;2;0; ; ; ;3799317;1;0;2007-04-07T08:01:52;CRON I/F                      ;2007-04-07T08:01:52;CRON I/F                      ;0;0
HSS                 ;20070406;9;13242               ;000001              ;             ;20070406;1;75.0;15000.0;1;2;20070406;1;0; ; ; ;3799319;1;0;2007-04-07T08:01:52;CRON I/F                      ;2007-04-07T08:01:52;CRON I/F                      ;0;0
HSS                 ;20070406;10;130230008           ;000007              ;             ;20070406;1;70.0;15000.0;1;2;20070406;1;0; ; ; ;3799316;1;0;2007-04-07T08:01:52;CRON I/F                      ;2007-04-07T08:01:52;CRON I/F                      ;0;0
HSS                 ;20070406;11;13186               ;000001              ;             ;20070406;3;65.0;15000.0;1;2;20070406;3;0; ; ; ;3799318;1;0;2007-04-07T08:01:53;CRON I/F                      ;2007-04-07T08:01:53;CRON I/F                      ;0;0
HSS                 ;20070406;12;13188               ;000018              ;             ;20070406;2;65.0;6000.0;1;2;20070406;2;0; ; ; ;3799433;1;0;2007-04-07T08:01:53;CRON I/F                      ;2007-04-07T08:01:53;CRON I/F                      ;0;0
LS                  ;20070406;1;00035               ;000018              ;             ;20070406;1;70.0;9800.0;4;2;20070406;1;0; ; ; ;3799356;1;0;2007-04-07T08:02:16;CRON I/F                      ;2007-04-07T08:02:16;CRON I/F                      ;0;0
LS                  ;20070406;1;00035               ;000019              ;             ;20070406;1;70.0;9800.0;4;2;20070406;1;0; ; ; ;3799356;4;0;2007-04-07T08:02:17;CRON I/F                      ;2007-04-07T08:02:17;CRON I/F                      ;0;0
LS                  ;20070406;1;00035               ;000025              ;             ;20070406;1;70.0;12000.0;4;2;20070406;1;0; ; ; ;3799356;2;0;2007-04-07T08:02:17;CRON I/F                      ;2007-04-07T08:02:17;CRON I/F                      ;0;0
LS                  ;20070406;1;00035               ;000028              ;             ;20070406;1;70.0;14000.0;4;2;20070406;1;0; ; ; ;3799356;3;0;2007-04-07T08:02:17;CRON I/F                      ;2007-04-07T08:02:17;CRON I/F                      ;0;0
LS                  ;20070406;2;63009               ;000016              ;             ;20070406;2;70.0;15000.0;1;2;20070406;2;0; ; ; ;3799364;1;0;2007-04-07T08:02:17;CRON I/F                      ;2007-04-07T08:02:17;CRON I/F                      ;0;0
LS                  ;20070406;3;13136               ;000019              ;             ;20070406;2;60.0;9800.0;1;2;20070406;2;0; ; ; ;3799358;1;0;2007-04-07T08:02:18;CRON I/F                      ;2007-04-07T08:02:18;CRON I/F                      ;0;0
LS                  ;20070406;4;13139               ;000006              ;             ;20070406;2;70.0;15000.0;1;2;20070406;2;0; ; ; ;3799359;4;0;2007-04-07T08:02:18;CRON I/F                      ;2007-04-07T08:02:18;CRON I/F                      ;0;0
LS                  ;20070406;4;13139               ;000007              ;             ;20070406;2;70.0;13000.0;1;2;20070406;2;0; ; ; ;3799359;3;0;2007-04-07T08:02:18;CRON I/F                      ;2007-04-07T08:02:18;CRON I/F                      ;0;0
LS                  ;20070406;4;13139               ;000008              ;             ;20070406;2;70.0;15000.0;1;2;20070406;2;0; ; ; ;3799359;2;0;2007-04-07T08:02:19;CRON I/F                      ;2007-04-07T08:02:19;CRON I/F                      ;0;0
LS                  ;20070406;4;13139               ;000015              ;             ;20070406;1;70.0;13500.0;1;2;20070406;1;0; ; ; ;3799359;1;0;2007-04-07T08:02:19;CRON I/F                      ;2007-04-07T08:02:19;CRON I/F                      ;0;0
LS                  ;20070406;5;00019               ;000001              ;             ;20070406;6;60.0;10000.0;1;2;20070406;6;0; ; ; ;3799355;1;0;2007-04-07T08:02:19;CRON I/F                      ;2007-04-07T08:02:19;CRON I/F                      ;0;0
LS                  ;20070406;5;00019               ;000012              ;             ;20070406;4;60.0;15000.0;1;2;20070406;4;0; ; ; ;3799355;2;0;2007-04-07T08:02:19;CRON I/F                      ;2007-04-07T08:02:19;CRON I/F                      ;0;0
LS                  ;20070406;5;00019               ;000027              ;             ;20070406;4;60.0;15000.0;1;2;20070406;4;0; ; ; ;3799355;3;0;2007-04-07T08:02:20;CRON I/F                      ;2007-04-07T08:02:20;CRON I/F                      ;0;0
LS                  ;20070406;6;43033               ;000001              ;             ;20070406;2;70.0;10000.0;1;2;20070406;2;0; ; ; ;3799363;2;0;2007-04-07T08:02:20;CRON I/F                      ;2007-04-07T08:02:20;CRON I/F                      ;0;0
LS                  ;20070406;6;43033               ;000012              ;             ;20070406;1;70.0;15000.0;1;2;20070406;1;0; ; ; ;3799363;1;0;2007-04-07T08:02:20;CRON I/F                      ;2007-04-07T08:02:20;CRON I/F                      ;0;0
LS                  ;20070406;7;13188               ;000024              ;             ;20070406;20;60.0;15000.0;1;2;20070406;20;0; ; ; ;3799362;1;0;2007-04-07T08:02:20;CRON I/F                      ;2007-04-07T08:02:20;CRON I/F                      ;0;0
LS                  ;20070406;8;13186               ;000008              ;             ;20070406;1;60.0;15000.0;1;2;20070406;1;0; ; ; ;3799361;1;0;2007-04-07T08:02:21;CRON I/F                      ;2007-04-07T08:02:21;CRON I/F                      ;0;0
LS                  ;20070406;8;13186               ;000028              ;             ;20070406;3;60.0;14000.0;1;2;20070406;3;0; ; ; ;3799361;2;0;2007-04-07T08:02:21;CRON I/F                      ;2007-04-07T08:02:21;CRON I/F                      ;0;0
LS                  ;20070406;9;131540003           ;000018              ;             ;20070406;1;70.0;9800.0;1;2;20070406;1;0; ; ; ;3799360;1;0;2007-04-07T08:02:21;CRON I/F                      ;2007-04-07T08:02:21;CRON I/F                      ;0;0
LS                  ;20070406;10;130230002           ;000010              ;             ;20070406;1;70.0;18000.0;1;2;20070406;1;0;Ă»ą®°˘; ; ;3799357;1;0;2007-04-07T08:02:21;CRON I/F                      ;2007-04-07T08:02:21;CRON I/F                      ;0;0
LS                  ;20070406;11;13186               ;000016              ;             ;20070406;3;60.0;15000.0;1;2;20070406;3;0; ; ; ;3799435;1;0;2007-04-07T08:02:22;CRON I/F                      ;2007-04-07T08:02:22;CRON I/F                      ;0;0
LS                  ;20070406;12;00007               ;000025              ;             ;20070406;1;65.0;12000.0;2;2;20070406;1;0; ; ; ;3799434;1;0;2007-04-07T08:02:22;CRON I/F                      ;2007-04-07T08:02:22;CRON I/F                      ;0;0
